13 0.0988446056842804 0.42795599699020387 0.16434553861618043 0.14143831729888917
12 0.20671520829200746 0.3914347648620605 0.1647551417350769 0.12363414764404297
43 0.26534175872802734 0.5293910026550293 0.17715764045715332 0.22156620025634766
11 0.3882040023803711 0.39104437828063965 0.2557716369628906 0.22574930191040038
41 0.4911789417266846 0.5836373805999756 0.20333433151245117 0.2648442268371582
21 0.6185404777526855 0.38674824237823485 0.2782452583312988 0.22985177040100097
31 0.6546777725219727 0.5656146049499512 0.19525537490844727 0.22550411224365235
32 0.7749914169311524 0.4903604030609131 0.12249832153320313 0.16059598922729493
33 0.890932273864746 0.5087498188018799 0.1564563751220703 0.16996278762817382



22 0.8109375 0.36796875 0.128125 0.1578125
23 0.91484375 0.38203125 0.1359375 0.1609375