16 0.20294539928436278 0.7065719604492188 0.15735197067260742 0.11595821380615234
15 0.2122225821018219 0.6288855075836182 0.17303799390792846 0.1395890235900879
14 0.23533134460449218 0.5207364082336425 0.16680240631103516 0.1655801773071289
13 0.26414198875427247 0.4322047233581543 0.1304479122161865 0.1395724296569824
12 0.3486368417739868 0.3881999015808105 0.0962479591369629 0.11786737442016601
22 0.710751724243164 0.4149729609489441 0.10632057189941406 0.10463888645172119
24 0.8136606216430664 0.5638154506683349 0.1639484405517578 0.15480785369873046
23 0.7955741882324219 0.4784764289855957 0.11822566986083985 0.1300748825073242
25 0.8272013664245605 0.6628379344940185 0.16710929870605468 0.12779111862182618
26 0.8387677192687988 0.733308744430542 0.15189952850341798 0.09369640350341797
3_11 0.44453125 0.378125 0.1578125 0.140625
3_21 0.60234375 0.3828125 0.1640625 0.140625