14 0.15891131162643432 0.408640718460083 0.07626106739044189 0.06839666366577149
13 0.22554951310157775 0.4265219807624817 0.09803446531295776 0.12486093044281006
44 0.24216999411582946 0.5060530662536621 0.08807250261306762 0.0685110092163086
12 0.3166800022125244 0.4380375027656555 0.12822341918945312 0.1493976354598999
43 0.3165785312652588 0.536553955078125 0.09575080871582031 0.10599584579467773
42 0.40017175674438477 0.5502470016479493 0.12017660140991211 0.12214393615722656
11 0.4394547462463379 0.44832361936569215 0.16955490112304689 0.1431671380996704
41 0.49576416015625 0.5531660556793213 0.11922473907470703 0.13491430282592773
21 0.5887392044067383 0.4443502902984619 0.17062664031982422 0.12282266616821289
31 0.5890981674194335 0.553191089630127 0.11805362701416015 0.1344207763671875
32 0.6703520774841308 0.5395207405090332 0.10088577270507812 0.12801427841186525
22 0.7096543312072754 0.43848648071289065 0.11773262023925782 0.11062383651733398
33 0.7477654457092285 0.5348485946655274 0.09427032470703126 0.09176626205444335
23 0.7906975746154785 0.42471632957458494 0.07802963256835938 0.07281570434570313
34 0.79140625 0.49609375 0.0953125 0.0765625