2 0.1546412706375122 0.513185977935791 0.1064821720123291 0.09187488555908203
1 0.1859698176383972 0.4629210591316223 0.12793829441070556 0.13249833583831788
1 0.24618165493011473 0.5189970016479493 0.11840767860412597 0.112176513671875
0 0.33612589836120604 0.5064154148101807 0.09816389083862305 0.12928428649902343
0 0.420884370803833 0.49897303581237795 0.10412387847900391 0.12060880661010742
0 0.5183206558227539 0.5019146919250488 0.10338134765625 0.13157272338867188
0 0.6085733890533447 0.5084052562713623 0.09871759414672851 0.12256765365600586
1 0.6936763763427735 0.5286758422851563 0.10316028594970703 0.10559253692626953
1 0.7695653915405274 0.49047112464904785 0.11847667694091797 0.13246402740478516
2 0.8379729270935059 0.46861743927001953 0.07916316986083985 0.09712953567504883
2 0.8887131690979004 0.4529853343963623 0.07674522399902343 0.05747442245483399
3_0 0.32890625 0.4234375 0.0859375 0.075
3_0 0.41953125 0.42890625 0.1078125 0.0734375
3_0 0.52578125 0.43515625 0.1203125 0.0734375
4_0 0.665625 0.471875 0.11875 0.1125
4_0 0.278125 0.45078125 0.103125 0.0734375
