46 0.14282262325286865 0.3457430124282837 0.15738296508789062 0.14149956703186034
45 0.18831580877304077 0.4518681526184082 0.13795549869537355 0.11253643035888672
44 0.23040425777435303 0.5541873931884765 0.14356484413146972 0.14577465057373046
43 0.290675950050354 0.6521985054016113 0.13876214027404785 0.1415996551513672
42 0.37110974788665774 0.6909455776214599 0.1411583423614502 0.13381357192993165
41 0.4763964653015137 0.709541130065918 0.1300370216369629 0.1441661834716797
31 0.5917552947998047 0.7020355701446533 0.13075695037841797 0.14609384536743164
32 0.6899069786071778 0.6774862289428711 0.11282291412353515 0.1496654510498047
33 0.7544086456298829 0.6334233283996582 0.10127525329589844 0.14044666290283203
34 0.7888143539428711 0.5295671463012696 0.14871444702148437 0.1438526153564453
35 0.8170196294784546 0.42229366302490234 0.1472301959991455 0.11222610473632813
36 0.8556342124938965 0.3109453201293945 0.14554901123046876 0.13915681838989258