43 0.22223873138427735 0.5334704399108887 0.11953353881835938 0.16032915115356444
42 0.2974740505218506 0.5358030319213867 0.10674314498901367 0.14152812957763672
11 0.3787628412246704 0.47872639894485475 0.21485276222229005 0.21423089504241943
31 0.5086733818054199 0.5459589481353759 0.13222026824951172 0.14421577453613282
21 0.5717276573181153 0.4468245029449463 0.2234395980834961 0.18099775314331054
33 0.720003318786621 0.4852757453918457 0.13912181854248046 0.16915111541748046
34 0.8685615539550782 0.4611362457275391 0.1097686767578125 0.09217462539672852
4_14 0.134375 0.4796875 0.1125 0.09375
44 0.1375 0.5359375 0.103125 0.096875
4_13 0.1796875 0.4546875 0.1125 0.075
12 0.265625 0.45703125 0.11875 0.1171875
3_22 0.70546875 0.425 0.0890625 0.084375
4_23 0.8234375 0.4421875 0.115625 0.078125
3_34 0.8390625 0.51875 0.125 0.084375
3_32 0.61484375 0.5765625 0.1390625 0.159375