45 0.15818597078323365 0.5606722831726074 0.08788325786590576 0.11408519744873047
14 0.17348392009735109 0.4851646423339844 0.08701944351196289 0.0929595947265625
44 0.21894897818565368 0.5251634597778321 0.11239358186721801 0.11948623657226562
13 0.22754607796669007 0.4571279525756836 0.11796683073043823 0.09209270477294922
43 0.2615320920944214 0.5680685997009277 0.11224541664123536 0.14123134613037108
12 0.2889411926269531 0.47724571228027346 0.059569168090820315 0.11680717468261718
42 0.34578373432159426 0.5675210952758789 0.1283449649810791 0.1329970359802246
11 0.3808093547821045 0.46514521837234496 0.18786153793334961 0.15275857448577881
41 0.4482844352722168 0.5715822219848633 0.11410751342773437 0.13635787963867188
21 0.5496148109436035 0.4591444134712219 0.19474382400512696 0.17517125606536865
31 0.5488837242126465 0.5771048545837403 0.12761993408203126 0.124652099609375
32 0.6357277870178223 0.567176342010498 0.11017608642578125 0.12763805389404298
22 0.6833881378173828 0.45113409757614137 0.1378072738647461 0.15620958805084229
33 0.7116374015808106 0.5708532333374023 0.11974315643310547 0.1031916618347168
34 0.7577127456665039 0.5526515960693359 0.12242469787597657 0.11787223815917969
23 0.801211929321289 0.47765703201293946 0.13054294586181642 0.13452281951904296
35 0.8116822242736816 0.5572978973388671 0.07623500823974609 0.08163375854492187