18 0.13404313325881959 0.7334201812744141 0.15952889919281005 0.0721923828125
17 0.1353700190782547 0.6882339477539062 0.1554064691066742 0.08702163696289063
16 0.12591155767440795 0.65927095413208 0.13417954444885255 0.07312278747558594
15 0.16140414476394654 0.5996743202209472 0.17097995281219483 0.14167022705078125
14 0.1950601100921631 0.4957300662994385 0.1391152858734131 0.13057365417480468
12 0.31342296600341796 0.2906463384628296 0.12165660858154297 0.08921070098876953
11 0.4451750755310059 0.26317605972290037 0.15921802520751954 0.09458913803100585
21 0.5995832443237304 0.2788364887237549 0.157244873046875 0.12038803100585938
22 0.7266502857208252 0.3108490228652954 0.11686229705810547 0.11785821914672852
25 0.828819465637207 0.6301438331604003 0.1682443618774414 0.14616737365722657
24 0.8144702911376953 0.5169706821441651 0.1344226837158203 0.12117166519165039
26 0.851375675201416 0.7084038734436036 0.1663421630859375 0.11156711578369141
27 0.8545743703842164 0.7547515869140625 0.1608799457550049 0.06470241546630859
3_23 0.78828125 0.4140625 0.0796875 0.084375
3_13 0.25625 0.39375 0.15 0.13125