15 0.060495100915431976 0.4630583763122559 0.07134087383747101 0.10674095153808594
46 0.07584781795740128 0.5781046390533447 0.0805314987897873 0.1341714859008789
14 0.10345773696899414 0.46808490753173826 0.08008861541748047 0.11990909576416016
45 0.13548240959644317 0.5948432445526123 0.08670110106468201 0.12803735733032226
13 0.16350438594818115 0.4787992000579834 0.09202933311462402 0.1407379150390625
44 0.1836700201034546 0.6061218738555908 0.09565634727478027 0.13663187026977539
12 0.24460608959198 0.4628927230834961 0.12819714546203614 0.15289525985717772
43 0.2629461526870728 0.5985779285430908 0.10741467475891113 0.14607553482055663
11 0.3802375316619873 0.4565754055976868 0.18452882766723633 0.16542165279388427
42 0.35987033843994143 0.583912467956543 0.12649526596069335 0.13165969848632814
41 0.4620199203491211 0.5767309188842773 0.1279608726501465 0.14423723220825196
21 0.5415567398071289 0.43464449644088743 0.19093732833862304 0.1825716257095337
31 0.5650577068328857 0.5722282409667969 0.12322187423706055 0.1440765380859375
32 0.6654099464416504 0.5692378520965576 0.11990776062011718 0.1462247848510742
22 0.6860787391662597 0.4265756130218506 0.13858528137207032 0.15095920562744142
33 0.7581768989562988 0.5727401733398437 0.11000614166259766 0.14495277404785156
23 0.7857613563537598 0.4322983741760254 0.10722866058349609 0.14101247787475585
34 0.833428955078125 0.5730910301208496 0.1020273208618164 0.13102054595947266
24 0.8602651596069336 0.43157110214233396 0.08798561096191407 0.12468137741088867
35 0.892115592956543 0.5621430397033691 0.09384803771972657 0.12501964569091797
25 0.9156850814819336 0.42677146196365356 0.07803878784179688 0.11318166255950927
36 0.9271559715270996 0.5212060928344726 0.09347610473632813 0.09478244781494141