15 0.12553021609783171 0.681761360168457 0.0823118269443512 0.08365840911865234
14 0.16172362565994264 0.5920441627502442 0.1342242956161499 0.12670516967773438
13 0.1912882447242737 0.4739185333251953 0.12238762378692628 0.11433124542236328
12 0.25713891386985777 0.3754770755767822 0.15101910829544068 0.13808736801147461
11 0.3929413080215454 0.31949625015258787 0.1667773723602295 0.14987077713012695
21 0.5540231227874756 0.33466410636901855 0.17587013244628907 0.14896936416625978
22 0.6977543830871582 0.37797060012817385 0.13048019409179687 0.11037359237670899
23 0.781226634979248 0.462741756439209 0.10897636413574219 0.10795726776123046
24 0.8227585792541504 0.5684140205383301 0.09171543121337891 0.10514583587646484
16 0.1328125 0.76953125 0.096875 0.0796875
25 0.8703125 0.65078125 0.078125 0.0765625
26 0.89765625 0.734375 0.1109375 0.128125