0 0.3256048679351807 0.6996201515197754 0.13626184463500976 0.1552260398864746
0 0.43987469673156737 0.7309185981750488 0.13837242126464844 0.13482465744018554
0 0.5706118583679199 0.7268161773681641 0.13591251373291016 0.13104496002197266
0 0.6905402183532715 0.6955938816070557 0.15597476959228515 0.15179710388183593
1 0.7823864936828613 0.6494065284729004 0.14445209503173828 0.156683349609375
4_2 0.1734375 0.5234375 0.140625 0.134375
2 0.11171875 0.271875 0.1734375 0.1625
2 0.140625 0.40546875 0.16875 0.1453125
3_1 0.23125 0.6390625 0.134375 0.11875
2 0.83046875 0.5171875 0.1671875 0.125
2 0.86484375 0.4078125 0.1890625 0.140625
2 0.890625 0.2609375 0.178125 0.1875
