14 0.1770187258720398 0.6598920822143555 0.16991956233978273 0.09593048095703124
15 0.17708874940872193 0.7053804397583008 0.15305750370025634 0.06633243560791016
13 0.19767825603485106 0.5962032794952392 0.15109658241271973 0.09948053359985351
4_14 0.2152349531650543 0.5312775611877442 0.1433726191520691 0.1074453353881836
13 0.2530947685241699 0.4436507225036621 0.11065855026245117 0.1148219108581543
11 0.44734610319137574 0.3927756786346436 0.17362711429595948 0.14813995361328125
21 0.5695671081542969 0.32897374629974363 0.18217849731445312 0.08637199401855469
23 0.765688705444336 0.4566511631011963 0.10871524810791015 0.09544172286987304
24 0.7941714763641358 0.5370325088500977 0.12067079544067383 0.08459672927856446
25 0.8111730575561523 0.6017667770385742 0.14612464904785155 0.10222320556640625
26 0.8373653411865234 0.6681775569915771 0.16470165252685548 0.1039362907409668
27 0.8386932611465454 0.720577621459961 0.11242213249206542 0.05479097366333008
3_12 0.32265625 0.40546875 0.1140625 0.1078125
22 0.70234375 0.38125 0.0984375 0.115625