46 0.11216161251068116 0.34229488372802735 0.2012814998626709 0.1841968536376953
44 0.13137423992156982 0.49847841262817383 0.17454743385314941 0.1409759521484375
43 0.16379084587097167 0.6193448066711426 0.20524897575378417 0.15272941589355468
42 0.23619584441185 0.7218888759613037 0.1913274884223938 0.11801958084106445
41 0.3427907466888428 0.7503073215484619 0.17956867218017578 0.14053564071655272
31 0.49605112075805663 0.7509248733520508 0.14822883605957032 0.12499675750732422
32 0.6070400238037109 0.7233248710632324 0.1283649444580078 0.10605907440185547
34 0.7748449325561524 0.5380853652954102 0.165802001953125 0.12454833984375
35 0.8008084297180176 0.4343487858772278 0.16211338043212892 0.10656507015228271
36 0.8307294845581055 0.30689587593078616 0.20435142517089844 0.18327770233154297
3_45 0.12421875 0.434375 0.1640625 0.065625
33 0.70625 0.646875 0.165625 0.109375