15 0.1093349426984787 0.6944161415100097 0.18868914246559143 0.14770889282226562
14 0.11050977408885956 0.5847324371337891 0.1633088171482086 0.12927494049072266
16 0.11529386043548584 0.761410140991211 0.13096442222595214 0.05573749542236328
12 0.19242477416992188 0.390132212638855 0.12909317016601562 0.09595942497253418
11 0.34541997909545896 0.3184359550476074 0.16738147735595704 0.11199016571044922
22 0.7397200584411621 0.34711756706237795 0.18945255279541015 0.10989723205566407
23 0.8413921356201172 0.4428678393363953 0.15054283142089844 0.11319773197174073
24 0.8848047256469727 0.5375276565551758 0.14990730285644532 0.11650753021240234
25 0.9164251327514649 0.6590152263641358 0.16611099243164062 0.13572587966918945
26 0.9304996490478515 0.7190719604492187 0.1380340576171875 0.058831787109375
3_13 0.1515625 0.5171875 0.15 0.1
4_54 0.209375 0.565625 0.0875 0.08125