16 0.11325254738330841 0.7236557960510254 0.17168425917625427 0.09446067810058593
15 0.14433084726333617 0.6241424560546875 0.1884066343307495 0.13584938049316406
14 0.18059022724628448 0.5214889526367188 0.1709885537624359 0.1246725082397461
13 0.22163693904876708 0.40842108726501464 0.13063149452209472 0.11683835983276367
12 0.3032461881637573 0.3166374206542969 0.13755397796630858 0.10106191635131836
11 0.44982175827026366 0.27964613437652586 0.1860654830932617 0.10969376564025879

21 0.6262960433959961 0.27959585189819336 0.18790645599365235 0.11267776489257812
22 0.7574834823608398 0.3474251747131348 0.13086090087890626 0.11654529571533204
24 0.8469152450561523 0.5197056770324707 0.18250751495361328 0.141436767578125
25 0.8575908899307251 0.6318254947662354 0.18219370841979982 0.14507246017456055
26 0.889579176902771 0.7068040847778321 0.18789525032043458 0.1329864501953125
61 0.56171875 0.3765625 0.1328125 0.115625
3_23 0.81796875 0.434375 0.1671875 0.11875