11 0.28268885612487793 0.4455709457397461 0.15540876388549804 0.1692516326904297
41 0.3453167676925659 0.5547204971313476 0.18151440620422363 0.11048517227172852
21 0.4235881805419922 0.4708395481109619 0.17402334213256837 0.1724480628967285
31 0.4828145980834961 0.5623552322387695 0.11897773742675781 0.10886211395263672
22 0.5584049701690674 0.48554143905639646 0.1340099334716797 0.11873226165771485
32 0.586906909942627 0.5609472274780274 0.12001991271972656 0.11600456237792969
13 0.12265625 0.384375 0.0609375 0.08125
12 0.1859375 0.41171875 0.084375 0.1265625
23 0.6625 0.4828125 0.1125 0.11875
24 0.77421875 0.47578125 0.0921875 0.1046875
25 0.86796875 0.45859375 0.0828125 0.0953125
33 0.70390625 0.56484375 0.0890625 0.0984375
42 0.2265625 0.5359375 0.065625 0.1
43 0.15546875 0.50703125 0.0671875 0.0921875
34 0.7984375 0.534375 0.09375 0.08125