14 0.19925415515899658 0.43680437803268435 0.1016385555267334 0.11334326267242431
44 0.23043432235717773 0.5553032875061035 0.10649347305297852 0.19104795455932616
13 0.28467836380004885 0.4470304012298584 0.11293630599975586 0.14104862213134767
43 0.30897648334503175 0.5380446434020996 0.10669159889221191 0.11147823333740234
12 0.3798784017562866 0.472731351852417 0.12391829490661621 0.20981149673461913
42 0.3905344486236572 0.5394267082214356 0.10765790939331055 0.10640506744384766
11 0.4887213706970215 0.4684023380279541 0.14510059356689453 0.18017072677612306
21 0.613868522644043 0.4655191898345947 0.15894546508789062 0.1771164894104004
22 0.7237370014190674 0.4627914309501648 0.1113656997680664 0.2001577615737915
23 0.804570198059082 0.4055091381072998 0.09480228424072265 0.12564315795898437
24 0.8690572738647461 0.3885637760162354 0.08332386016845703 0.08927135467529297