27 0.10698156356811524 0.7133647918701171 0.17313392162323 0.1621084213256836
25 0.20468766689300538 0.505010986328125 0.16892743110656738 0.17257938385009766
24 0.22965530753135682 0.40967273712158203 0.16268378496170044 0.16154632568359376
11 0.4393351078033447 0.27735223770141604 0.11459379196166992 0.11794204711914062
21 0.5236756324768066 0.284888768196106 0.11326274871826172 0.1264793872833252
24 0.7600470066070557 0.4048588633537292 0.1661778450012207 0.15858232975006104
25 0.7818645000457763 0.5291598320007325 0.17320985794067384 0.14917144775390626
27 0.8708076477050781 0.7476444244384766 0.18134689331054688 0.10444965362548828
3_26 0.165625 0.61328125 0.1625 0.1765625
4_26 0.828125 0.6453125 0.178125 0.159375
13 0.25859375 0.3171875 0.1015625 0.11875
12 0.3484375 0.30390625 0.10625 0.1296875
22 0.61953125 0.2984375 0.1078125 0.15
23 0.70390625 0.31953125 0.1046875 0.1546875