13 0.06127861738204956 0.3668503284454346 0.12255723476409912 0.1656357765197754
45 0.05874199867248535 0.4675617218017578 0.1174839973449707 0.13170204162597657
44 0.09829841256141662 0.5599682807922364 0.14009732007980347 0.1363271713256836
12 0.17219831943511962 0.36556258201599123 0.1854109287261963 0.22789125442504882
43 0.162058687210083 0.5975284576416016 0.10289483070373535 0.07701835632324219
42 0.2714540958404541 0.5828682899475097 0.16197986602783204 0.20654449462890626
11 0.3731734037399292 0.3971970796585083 0.27322821617126464 0.28087363243103025
41 0.406445300579071 0.6077372550964355 0.17206881046295167 0.2293600082397461
31 0.5515151977539062 0.609147024154663 0.16659870147705078 0.22944021224975586
21 0.6059894561767578 0.39781086444854735 0.2590045928955078 0.27048840522766116
32 0.6768898963928223 0.5680946350097656 0.1465932846069336 0.19174861907958984
22 0.7764252662658692 0.37335572242736814 0.14965057373046875 0.22341432571411132
33 0.7912713050842285 0.5012483119964599 0.1414651870727539 0.14614582061767578
23 0.8697953224182129 0.36737699508666993 0.09468765258789062 0.13905134201049804
34 0.8834254264831543 0.4352447628974915 0.07605552673339844 0.08574292659759522
24 0.9200366973876953 0.3671353816986084 0.08652381896972657 0.11024312973022461