2 0.09241747856140137 0.6049365043640137 0.1741206407546997 0.09954442977905273
1 0.10457386970520019 0.4843944549560547 0.1071584701538086 0.10059471130371093
0 0.3115841388702393 0.3833681583404541 0.19980554580688475 0.13212900161743163
0 0.520720100402832 0.3839864730834961 0.19939956665039063 0.10887212753295898
0 0.672609806060791 0.42053980827331544 0.11668167114257813 0.11175193786621093
2 0.8076023101806641 0.5655384063720703 0.09063587188720704 0.0612548828125
2 0.8481769561767578 0.6183141708374024 0.09772758483886719 0.0868112564086914
3_2 0.1078125 0.540625 0.146875 0.075
3_1 0.76796875 0.49921875 0.1140625 0.1140625
0 0.1734375 0.40703125 0.146875 0.1265625
