46 0.1149481326341629 0.5237530708312989 0.1359470784664154 0.08586483001708985
15 0.09333162307739258 0.44208626747131347 0.05841343402862549 0.07525081634521484
14 0.14280401468276976 0.45372519493103025 0.0901503324508667 0.09685754776000977
45 0.1745835542678833 0.5748608112335205 0.11375212669372559 0.08615255355834961
13 0.21142316460609437 0.45592690706253053 0.10937308073043824 0.11431939601898193
44 0.2342829465866089 0.5331124305725098 0.1340109348297119 0.10876331329345704
12 0.30255320072174074 0.4386580467224121 0.1568603038787842 0.15182895660400392
43 0.3026609182357788 0.5724905967712403 0.1137855052947998 0.1231771469116211
42 0.3955060005187988 0.5637487411499024 0.12341451644897461 0.15463409423828126
11 0.45328893661499026 0.44107990264892577 0.20148563385009766 0.15951709747314452
41 0.4974974632263184 0.5569548606872559 0.12822437286376953 0.1624349594116211
31 0.6298698902130127 0.5355249881744385 0.18916902542114258 0.14993515014648437
21 0.6246757507324219 0.4337267756462097 0.1698080062866211 0.13737432956695556
32 0.6745561599731446 0.5317672729492188 0.09531230926513672 0.13938941955566406
22 0.7332444190979004 0.4175892949104309 0.09401912689208984 0.10473248958587647
33 0.7391995429992676 0.5127532005310058 0.07771739959716797 0.12268085479736328
34 0.7835617065429688 0.4951796531677246 0.08235664367675781 0.10888843536376953
23 0.7721667766571045 0.4237653732299805 0.05514316558837891 0.08607854843139648
35 0.8082163810729981 0.4737987518310547 0.07451210021972657 0.0798410415649414
24 0.808011817932129 0.414762020111084 0.056122207641601564 0.06858987808227539