2 0.18104279041290283 0.5315217971801758 0.07517075538635254 0.1076284408569336
1 0.21902127861976622 0.5486498832702636 0.12219065427780151 0.18860321044921874
0 0.31642770767211914 0.5595463752746582 0.1410140037536621 0.1815401077270508
0 0.39076473712921145 0.41872601509094237 0.2083423137664795 0.17218542098999023
0 0.45900521278381345 0.5661483764648437 0.1222203254699707 0.18652839660644532
0 0.6120655536651611 0.5620204448699951 0.13546285629272461 0.1820755958557129
0 0.7081053256988525 0.5755618572235107 0.11925115585327148 0.18824357986450196
1 0.7862291812896729 0.5799419403076171 0.09736299514770508 0.16439647674560548
2 0.8541208267211914 0.6061050415039062 0.079095458984375 0.11661415100097657
4_0 0.259375 0.42578125 0.121875 0.1171875
4_0 0.61328125 0.39921875 0.1390625 0.1046875
4_1 0.78984375 0.45703125 0.1078125 0.1140625
3_2 0.84140625 0.528125 0.0828125 0.078125
