16 0.15427480936050414 0.6708846092224121 0.15730912685394288 0.10559539794921875
17 0.1650222897529602 0.728140926361084 0.149194598197937 0.10722188949584961
15 0.16883525848388672 0.6102039337158203 0.10974211692810058 0.10130691528320312
11 0.3371125221252441 0.3247265338897705 0.19406795501708984 0.14158716201782226
21 0.5778077125549317 0.36542091369628904 0.18176536560058593 0.10470075607299804
25 0.8189446449279785 0.7127333164215088 0.09126853942871094 0.10479736328125
24 0.8744112014770508 0.6183168411254882 0.14116897583007812 0.11035194396972656
3_14 0.1375 0.56875 0.159375 0.09375
3_12 0.221875 0.3703125 0.1125 0.10625
3_22 0.7375 0.37421875 0.13125 0.1421875
3_26 0.87421875 0.73046875 0.1953125 0.1359375
3_23 0.83515625 0.48828125 0.1578125 0.1515625
4_61 0.54375 0.284375 0.125 0.078125

13 0.1515625 0.5046875 0.14375 0.15625