15 0.1688139796257019 0.7037094593048095 0.18095853328704833 0.10664043426513672
14 0.21558218598365783 0.620472526550293 0.17877205610275268 0.14729728698730468
13 0.2780601441860199 0.5213279724121094 0.1570485234260559 0.18865699768066407
12 0.3430450439453125 0.42511967420578 0.14061279296875 0.1347036600112915
11 0.5095860004425049 0.3501407623291016 0.1825779914855957 0.13974761962890625
21 0.6757307052612305 0.36381282806396487 0.15445899963378906 0.1291484832763672
26 0.8066570281982421 0.6529114723205567 0.1601125717163086 0.11353988647460937
27 0.7905255794525147 0.7132771968841553 0.12150907516479492 0.07534284591674804
25 0.8055682182312012 0.5919727325439453 0.14434967041015626 0.10182924270629883
24 0.8215959548950196 0.5401450157165527 0.14942512512207032 0.12266368865966797
23 0.8061369180679321 0.4646859645843506 0.1181445598602295 0.10401716232299804