46 0.15853313207626343 0.35628409385681153 0.1998223066329956 0.20450181961059571
44 0.20447609424591065 0.5491769790649415 0.14651041030883788 0.1346893310546875
43 0.2408127784729004 0.6347591400146484 0.13906631469726563 0.1653902053833008
42 0.3346233367919922 0.6674436569213867 0.13780040740966798 0.1273334503173828
41 0.4375401496887207 0.6867744445800781 0.1300288200378418 0.12860069274902344
31 0.5596601963043213 0.6813266754150391 0.12875804901123047 0.12403831481933594
32 0.669371509552002 0.6586495399475097 0.11912002563476562 0.10061798095703126
33 0.7592878341674805 0.6011972427368164 0.1451549530029297 0.10027999877929687
36 0.8013839721679688 0.3711927175521851 0.17251186370849608 0.19481711387634276
3_45 0.18203125 0.4828125 0.1453125 0.11875
3_34 0.7828125 0.5609375 0.10625 0.1
3_35 0.79609375 0.4796875 0.1078125 0.1