13 0.2241823136806488 0.4109638690948486 0.11824761629104615 0.1266550064086914
45 0.21622788906097412 0.5068530082702637 0.06321377754211426 0.07419013977050781
44 0.25406246185302733 0.5208732128143311 0.07676668167114258 0.11575403213500976
12 0.3216725826263428 0.40972151756286623 0.12303447723388672 0.1431565284729004
43 0.3168315410614014 0.5255968570709229 0.11148099899291992 0.12427845001220703
42 0.41962556838989257 0.5411157608032227 0.13333358764648437 0.12052898406982422
11 0.45871739387512206 0.43058749437332156 0.20311641693115234 0.17285897731781005
41 0.5203672885894776 0.5461217403411865 0.11544256210327149 0.12868375778198243
21 0.6305564880371094 0.4467720866203308 0.18382568359375 0.16738932132720946
31 0.6201173782348632 0.5574692726135254 0.12512645721435547 0.12424240112304688
32 0.7134932518005371 0.5679075717926025 0.11266803741455078 0.11916913986206054
22 0.7673213958740235 0.45119056701660154 0.1256937026977539 0.13307666778564453
33 0.7819730758666992 0.565970516204834 0.07996482849121093 0.13801965713500977
34 0.8095039367675781 0.5661101341247559 0.08783378601074218 0.11766109466552735