15 0.14788436591625215 0.6080652236938476 0.09865031838417053 0.08543357849121094
14 0.16532249450683595 0.5560704231262207 0.08273782730102539 0.0757375717163086
13 0.18564093112945557 0.489007568359375 0.11015019416809083 0.10574855804443359
12 0.25779356360435485 0.3964689254760742 0.14994431734085084 0.12418489456176758
11 0.39607925415039064 0.3379731416702271 0.19191675186157225 0.14610743522644043
21 0.5671212673187256 0.3241347074508667 0.18342676162719726 0.13671679496765138
22 0.7122026443481445 0.35093438625335693 0.13256511688232422 0.1263746738433838
26 0.7904258728027344 0.5837926387786865 0.21178627014160156 0.11558370590209961
24 0.8039551734924316 0.4985973834991455 0.17705135345458983 0.09617424011230469
25 0.8074111938476562 0.5427839279174804 0.17869930267333983 0.080181884765625
23 0.8013637781143188 0.4197953224182129 0.13109774589538575 0.1217616081237793