1 0.293209171295166 0.4303220272064209 0.11811552047729493 0.09739179611206054
1 0.35540406703948973 0.313653564453125 0.1255199909210205 0.14236388206481934
0 0.47455611228942873 0.32074527740478515 0.18685674667358398 0.20118799209594726
0 0.46296401023864747 0.4100153923034668 0.1180302619934082 0.11659202575683594
0 0.6171651840209961 0.30176329612731934 0.17085189819335939 0.14897451400756836
0 0.7328258514404297 0.29736483097076416 0.1306072235107422 0.1321692943572998
1 0.738523530960083 0.3812397003173828 0.1292628288269043 0.1109950065612793
2 0.825838565826416 0.3724853515625 0.1345386505126953 0.12600746154785156
0 0.546875 0.4015625 0.08125 0.09375
0 0.63984375 0.38515625 0.1046875 0.0984375
0 0.3796875 0.409375 0.075 0.103125
2 0.278125 0.3171875 0.078125 0.1125
2 0.2140625 0.3453125 0.075 0.075
2 0.2125 0.4421875 0.08125 0.084375
2 0.82421875 0.2921875 0.0671875 0.075
2 0.8921875 0.29375 0.096875 0.090625
