15 0.13931264877319335 0.6812040328979492 0.16675901412963867 0.12616853713989257
14 0.15085749626159667 0.5756091117858887 0.15675501823425292 0.17459688186645508
13 0.19182975292205812 0.4770923137664795 0.11471080780029297 0.10804557800292969
11 0.3951685905456543 0.25677767395973206 0.20392189025878907 0.14446200132369996
27 0.89659423828125 0.7031618595123291 0.16963233947753906 0.11077022552490234
24 0.863460636138916 0.5092318058013916 0.08962669372558593 0.09702157974243164
25 0.8871232986450195 0.6147234916687012 0.12315711975097657 0.1487895965576172
26 0.895649528503418 0.6526726722717285 0.11365165710449218 0.06782150268554688
28 0.9120808601379394 0.7623584747314454 0.1390625 0.06864948272705078
3_12 0.27265625 0.37890625 0.1453125 0.1140625
3_21 0.59609375 0.25234375 0.1671875 0.1171875
3_22 0.73125 0.35078125 0.10625 0.0953125
3_23 0.80390625 0.4328125 0.0953125 0.096875