45 0.20116422176361085 0.4164938449859619 0.19100356101989746 0.17496128082275392
44 0.23345285058021545 0.5551825523376465 0.10683344602584839 0.10009078979492188
43 0.2774000644683838 0.6139622688293457 0.10647430419921874 0.12238750457763672
82 0.33091068267822266 0.6641095161437989 0.10384511947631836 0.10112409591674805
42 0.35893681049346926 0.5850789070129394 0.11758389472961425 0.11862468719482422
41 0.4362809658050537 0.6383849620819092 0.1125004768371582 0.12977705001831055
31 0.535978364944458 0.6482441902160645 0.1166001319885254 0.16171875
32 0.6335491180419922 0.6224682807922364 0.11322660446166992 0.15078697204589844
33 0.7298825263977051 0.6163545608520508 0.116363525390625 0.13351306915283204
36 0.8460597038269043 0.3510115146636963 0.19463176727294923 0.16891822814941407

4_34 0.76328125 0.56328125 0.0953125 0.0890625
4_35 0.83203125 0.48125 0.1484375 0.125