15 0.15741057097911834 0.601352310180664 0.1572388231754303 0.139495849609375
16 0.1611248016357422 0.6853544235229492 0.1543248176574707 0.1108968734741211
14 0.18073174953460694 0.49878826141357424 0.14066014289855958 0.12498722076416016
13 0.218506121635437 0.40785975456237794 0.11673989295959472 0.1208683967590332
3_12 0.3124547004699707 0.36228055953979493 0.1104928970336914 0.13346405029296876
11 0.4225340723991394 0.3045748233795166 0.16927435398101806 0.13849077224731446
21 0.5921742439270019 0.31626009941101074 0.17459564208984374 0.13826684951782225
23 0.8116705894470215 0.4550271511077881 0.1231170654296875 0.12792158126831055

26 0.8549519538879394 0.7177295684814453 0.1534027099609375 0.12787857055664062
27 0.8556501150131226 0.7857015609741211 0.11542859077453613 0.06555233001708985
3_22 0.7375 0.3796875 0.18125 0.15625
4_25 0.834375 0.6375 0.1625 0.11875
4_24 0.8265625 0.52265625 0.13125 0.1078125