44 0.1293031692504883 0.41101436614990233 0.12173638343811036 0.1316457748413086
45 0.1319211959838867 0.30927205085754395 0.12577638626098633 0.11085987091064453
43 0.16560578346252441 0.5169569969177246 0.11916837692260743 0.11797065734863281
42 0.22926204204559325 0.599252986907959 0.12542648315429689 0.09649629592895508
41 0.32616119384765624 0.6188469886779785 0.13696775436401368 0.11626873016357422
31 0.45201414823532104 0.6270845413208008 0.14122164249420166 0.13911018371582032

32 0.5724884033203125 0.6436961650848388 0.14823646545410157 0.13086156845092772
33 0.66024751663208 0.604560375213623 0.15028228759765624 0.14006595611572265
34 0.7688816547393799 0.5171187400817872 0.19635915756225586 0.18301658630371093
35 0.8648344993591308 0.3814403772354126 0.22469348907470704 0.17873549461364746
36 0.8971792221069336 0.2764007568359375 0.179400634765625 0.07494401931762695