16 0.14717079401016236 0.727165412902832 0.1655714750289917 0.10607948303222656
15 0.17062748670578004 0.6433761596679688 0.18018853664398193 0.1278982162475586
14 0.15666143894195556 0.5510464668273926 0.13643364906311034 0.14633550643920898
12 0.25480146408081056 0.40692529678344724 0.1536703109741211 0.17070188522338867
11 0.36556591987609866 0.3487028837203979 0.11424894332885742 0.1443793773651123
21 0.48866000175476076 0.34259355068206787 0.15816354751586914 0.15001749992370605
23 0.7706317901611328 0.4292792320251465 0.1350076675415039 0.14959354400634767
27 0.8378745079040527 0.7837296485900879 0.14300117492675782 0.08731594085693359
24 0.8566791534423828 0.5210634231567383 0.15161800384521484 0.16810741424560546
25 0.8625354766845703 0.6476528167724609 0.1631134033203125 0.13031978607177735

3_22 0.6421875 0.3796875 0.209375 0.1875
3_26 0.86328125 0.71953125 0.1765625 0.1265625
3_13 0.18203125 0.496875 0.1390625 0.15625