46 0.20505867004394532 0.40084547996520997 0.16498441696166993 0.13183069229125977
45 0.23875205516815184 0.4949949264526367 0.12488651275634766 0.08485298156738282
44 0.2523240804672241 0.5681154251098632 0.12373156547546386 0.10162620544433594
43 0.2971509456634521 0.6112943649291992 0.10671877861022949 0.09460773468017578
42 0.36527352333068847 0.6585750102996826 0.11852388381958008 0.077618408203125
41 0.4498480916023254 0.6781556129455566 0.10223634243011474 0.07733383178710937
31 0.546684980392456 0.6808982849121094 0.10791740417480469 0.07063732147216797
32 0.6345537185668946 0.6733224391937256 0.10888175964355469 0.06727991104125977
33 0.7016466140747071 0.6285491943359375 0.10476951599121094 0.057575130462646486
36 0.7757311820983886 0.4262693405151367 0.1572408676147461 0.12598943710327148
35 0.7592109203338623 0.5107699871063233 0.1171067237854004 0.07998361587524414
34 0.728125 0.58046875 0.134375 0.0640625
37 0.8015625 0.32109375 0.121875 0.1296875
47 0.17421875 0.30625 0.1296875 0.071875