15 0.059898918867111205 0.3757073402404785 0.0843891978263855 0.09089860916137696
45 0.10090773105621338 0.4941385269165039 0.1274519681930542 0.1216196060180664
14 0.1169904351234436 0.39623963832855225 0.07355616092681885 0.09743313789367676
44 0.17440581321716309 0.5406285285949707 0.12266073226928711 0.12508010864257812
13 0.1781799912452698 0.40309653282165525 0.103653883934021 0.11872320175170899
43 0.22562008500099182 0.5585616111755372 0.1078069567680359 0.13941211700439454
12 0.26989316940307617 0.41515512466430665 0.11639204025268554 0.12122993469238282
42 0.31330347061157227 0.5567208766937256 0.10114374160766601 0.1299668312072754
11 0.4101910710334778 0.4278906941413879 0.19229066371917725 0.19088437557220458
41 0.4128159523010254 0.5798306941986084 0.13501453399658203 0.1661684989929199
31 0.5395722389221191 0.5871596813201905 0.13793106079101564 0.17088727951049804
21 0.5889558792114258 0.41859893798828124 0.17435054779052733 0.1003072738647461
32 0.6450117111206055 0.5786695957183838 0.10137557983398438 0.12960758209228515
22 0.7202597618103027 0.4292938709259033 0.11482257843017578 0.11019258499145508
33 0.7280161857604981 0.575953483581543 0.09766426086425781 0.13405284881591797
34 0.7908401489257812 0.5624422073364258 0.11066875457763672 0.12559547424316406
23 0.8090466499328614 0.41979146003723145 0.10712642669677734 0.12314682006835938
35 0.8441862106323242 0.5145953178405762 0.12801055908203124 0.10835342407226563
24 0.8673683166503906 0.41232051849365237 0.07872352600097657 0.1001124382019043
25 0.9166421890258789 0.38794264793395994 0.07222270965576172 0.10035467147827148