15 0.10200678110122681 0.6963203430175782 0.20100467205047606 0.1355881690979004
16 0.11370358467102051 0.7821955680847168 0.2236989974975586 0.1419342041015625
14 0.10478353500366211 0.5967740535736084 0.1889087200164795 0.15770225524902343
13 0.1266694188117981 0.481715726852417 0.1571894884109497 0.12595224380493164
12 0.2065955877304077 0.36940393447875974 0.16445202827453614 0.14038753509521484
11 0.393933629989624 0.293972110748291 0.16453838348388672 0.0984318733215332
22 0.7211159706115723 0.3538603067398071 0.1478414535522461 0.11941723823547364
23 0.7935955047607421 0.439707088470459 0.14675540924072267 0.10593585968017578
27 0.8312764167785645 0.7194957733154297 0.19493694305419923 0.12519550323486328
25 0.8374319076538086 0.6198039054870605 0.19471416473388672 0.1464827537536621
26 0.8459497690200806 0.6822380065917969 0.17184557914733886 0.07098064422607422
3_24 0.82109375 0.53125 0.1703125 0.1125
21 0.57265625 0.30234375 0.1859375 0.1078125