13 0.11278533935546875 0.38500394821166994 0.15430858135223388 0.15259666442871095
45 0.09620941877365112 0.5002665519714355 0.08978302478790283 0.11067581176757812
44 0.15514183044433594 0.5257027626037598 0.13767538070678711 0.16298999786376953
12 0.24722659587860107 0.40212535858154297 0.16710004806518555 0.20220699310302734
43 0.2274996519088745 0.5531177520751953 0.12466444969177246 0.14893321990966796
42 0.3302424430847168 0.5666150093078614 0.12330389022827148 0.13345632553100586
11 0.40250515937805176 0.4208925127983093 0.20187711715698242 0.21912710666656493
41 0.4384307384490967 0.5737250328063965 0.12279386520385742 0.1291452407836914
31 0.5453208923339844 0.5806907653808594 0.1318352699279785 0.12701034545898438
21 0.5846039772033691 0.4373476028442383 0.20439281463623046 0.2177417755126953
32 0.6516039848327637 0.571220064163208 0.1259918212890625 0.12351446151733399
22 0.7419198036193848 0.4220686435699463 0.17026214599609374 0.20122556686401366
33 0.7590425491333008 0.5612176895141602 0.12667236328125 0.1291646957397461
34 0.8403153419494629 0.5467606544494629 0.13973388671875 0.1498737335205078
23 0.8550352096557617 0.4115074634552002 0.10940513610839844 0.14631166458129882
35 0.8750361442565918 0.496795654296875 0.13150367736816407 0.10991230010986328
24 0.930024528503418 0.38287692070007323 0.1061208724975586 0.12710990905761718