2 0.18012650310993195 0.6927813529968262 0.16109365820884705 0.12691497802734375
2 0.17393863201141357 0.7825395584106445 0.14370112419128417 0.10300197601318359
0 0.4874269485473633 0.22918667793273925 0.1686697006225586 0.11174640655517579
0 0.6409887790679931 0.2360029935836792 0.1379457473754883 0.0884902000427246
2 0.898737907409668 0.828038501739502 0.12384243011474609 0.07136669158935546
0 0.37265625 0.275 0.0984375 0.115625
1 0.3375 0.39296875 0.121875 0.1203125
2 0.2484375 0.48046875 0.134375 0.1109375
2 0.215625 0.584375 0.171875 0.109375
0 0.70078125 0.35078125 0.1234375 0.1234375
3_1 0.8015625 0.42734375 0.128125 0.1140625
2 0.8375 0.528125 0.140625 0.096875
2 0.865625 0.61875 0.146875 0.084375
2 0.871875 0.7015625 0.125 0.09375
2 0.90703125 0.7625 0.1484375 0.078125
