46 0.14646031856536865 0.3993873119354248 0.20076289176940917 0.1679994583129883
47 0.1351312518119812 0.2728846073150635 0.1529155969619751 0.11513719558715821
45 0.1906159520149231 0.5201242446899415 0.14925897121429443 0.13932399749755858
44 0.24428155422210693 0.599463939666748 0.14945292472839355 0.12726192474365233
43 0.30124630928039553 0.6738338947296143 0.14281387329101564 0.08662166595458984

42 0.39761087894439695 0.6992313861846924 0.11093878746032715 0.07266416549682617
41 0.4890597343444824 0.7080899238586426 0.09692306518554687 0.05730571746826172

31 0.5824723243713379 0.7058711051940918 0.10227756500244141 0.05924701690673828
32 0.6674060821533203 0.6820232391357421 0.11039314270019532 0.06685314178466797
33 0.7461848258972168 0.6444212913513183 0.10626678466796875 0.07550230026245117
34 0.7924495697021484 0.5754205703735351 0.15127162933349608 0.12881031036376953
35 0.82315673828125 0.49501447677612304 0.14389972686767577 0.13269786834716796
36 0.8516401290893555 0.3782949924468994 0.19314117431640626 0.166363525390625
37 0.850640082359314 0.2563922882080078 0.1652306079864502 0.10983543395996094