16 0.15044159889221193 0.6700217723846436 0.14537296295166016 0.1078974723815918
15 0.164402973651886 0.5994834423065185 0.15702378749847412 0.10967426300048828
14 0.2013559579849243 0.510097599029541 0.15804047584533693 0.1254575729370117
13 0.2420446455478668 0.42771048545837403 0.10335825681686402 0.08426170349121094
12 0.317979097366333 0.3719132423400879 0.11455726623535156 0.0837015151977539
21 0.5809331893920898 0.3465696334838867 0.17093505859375 0.1000636100769043
22 0.7093284606933594 0.3806269884109497 0.11723747253417968 0.10156016349792481
23 0.7737000465393067 0.45307307243347167 0.1156881332397461 0.11718454360961914
24 0.8059553146362305 0.5337675094604493 0.16215934753417968 0.1400482177734375
25 0.8372597694396973 0.6271451473236084 0.163702392578125 0.11292476654052734
26 0.8490275382995606 0.7005518913269043 0.15703392028808594 0.11048450469970703
3_11 0.43359375 0.36171875 0.1796875 0.1171875