2 0.15651081800460814 0.4110726237297058 0.1312619924545288 0.12499010562896729
0 0.35251545906066895 0.568446159362793 0.13547897338867188 0.1502450942993164
0 0.46370639801025393 0.5595745086669922 0.1325469970703125 0.14745693206787108
0 0.5785577774047852 0.5399770736694336 0.13199176788330078 0.1490243911743164
0 0.6972834587097168 0.5268691539764404 0.13129119873046874 0.14771528244018556
1 0.8060404777526855 0.5367260932922363 0.12956008911132813 0.13001956939697265
2 0.8440784692764283 0.42386034727096555 0.1375728130340576 0.11568682193756104
2 0.844210433959961 0.2955580949783325 0.13572254180908203 0.08067631721496582
2 0.8476341247558594 0.3466067314147949 0.12519245147705077 0.07231302261352539
1 0.24921875 0.57265625 0.1046875 0.1265625
2 0.1984375 0.55 0.096875 0.1
2 0.16875 0.4890625 0.10625 0.096875
3_2 0.85234375 0.49375 0.1671875 0.140625
