45 0.13444080352783203 0.4017041683197021 0.166658353805542 0.15279722213745117
44 0.1484224557876587 0.5269444465637207 0.13703055381774903 0.15673751831054689
42 0.2581825017929077 0.7027631759643554 0.15738945007324218 0.10429515838623046
41 0.35150606632232667 0.7465732574462891 0.12906956672668457 0.09800872802734376
31 0.4764251232147217 0.7536139965057373 0.14609622955322266 0.09846811294555664
32 0.5915313720703125 0.7237106800079346 0.14762039184570314 0.11423263549804688
33 0.6981753349304199 0.6441887855529785 0.1274961471557617 0.12386980056762695
34 0.7425165176391602 0.5367457389831543 0.15178070068359376 0.1609668731689453
35 0.7900821685791015 0.41272759437561035 0.18441810607910156 0.1715325355529785
36 0.837489104270935 0.2956973075866699 0.18177952766418456 0.1471859931945801

43 0.2078125 0.6296875 0.165625 0.1
46 0.096875 0.29375 0.178125 0.1