0 0.26629817485809326 0.4252103328704834 0.1496891498565674 0.12843809127807618
0 0.41711997985839844 0.4590174674987793 0.2081223487854004 0.20272655487060548
0 0.6016860008239746 0.440822172164917 0.20235176086425782 0.14355926513671874
0 0.6596529483795166 0.5130540370941162 0.10474596023559571 0.129180908203125
0 0.7364540100097656 0.4409953117370605 0.10593585968017578 0.13417625427246094
1 0.8015657663345337 0.4243502140045166 0.06137881278991699 0.07664079666137695
3_1 0.1453125 0.42421875 0.109375 0.1328125
0 0.334375 0.5109375 0.1 0.0875
0 0.43984375 0.5265625 0.0796875 0.096875
0 0.5421875 0.51796875 0.08125 0.1234375
0 0.74453125 0.49921875 0.0703125 0.1078125
