16 0.0886999785900116 0.6762450218200684 0.14918617010116578 0.08047122955322265
15 0.10784474611282349 0.6127945899963378 0.16479032039642333 0.11555004119873047
14 0.13587985038757325 0.5368652820587159 0.16920914649963378 0.12111778259277343
13 0.19089996814727783 0.46206955909729003 0.08684086799621582 0.09493808746337891
12 0.27464990615844725 0.41402348279953005 0.12783346176147461 0.12398436069488525
11 0.4162400722503662 0.3867025852203369 0.18178682327270507 0.11010370254516602
21 0.5816559791564941 0.39022488594055177 0.17286453247070313 0.10928964614868164
22 0.6891621589660645 0.4389655590057373 0.11500396728515624 0.11384735107421876
24 0.761340856552124 0.5590653896331788 0.19049596786499023 0.11205320358276367
23 0.7492694854736328 0.49909510612487795 0.1290130615234375 0.13474617004394532
26 0.7659462928771973 0.6851517677307128 0.13407154083251954 0.08542022705078126
25 0.7858373165130615 0.6254537582397461 0.1545870780944824 0.11065425872802734