46 0.16836494207382202 0.31435632705688477 0.1873302698135376 0.193768310546875
45 0.2012459695339203 0.4398371696472168 0.20705462694168092 0.15659675598144532
44 0.2706721067428589 0.5723987102508545 0.16163315773010253 0.1459209442138672
43 0.3255812406539917 0.6588917732238769 0.1362600803375244 0.16750116348266603
42 0.45155868530273435 0.6639969825744629 0.15665206909179688 0.14428482055664063
41 0.5394062042236328 0.7281928062438965 0.1376434326171875 0.1518472671508789
31 0.6492634296417237 0.7117750167846679 0.13483877182006837 0.1448385238647461
72 0.6983448982238769 0.6082547664642334 0.14372243881225585 0.09248523712158203
32 0.758907699584961 0.7012251853942871 0.11502189636230468 0.12971029281616211
34 0.830138111114502 0.5532608032226562 0.17120113372802734 0.11978282928466796
35 0.8501582145690918 0.4495375156402588 0.17778091430664061 0.16879796981811523
33 0.8304521799087524 0.652031421661377 0.1382739543914795 0.1594339370727539
36 0.8574199676513672 0.30897865295410154 0.1522459030151367 0.16055984497070314