45 0.15999347865581512 0.3153197765350342 0.16664958596229554 0.20316076278686523


44 0.2519880771636963 0.4304152488708496 0.08808603286743164 0.08617238998413086
43 0.2730686187744141 0.5205794334411621 0.123114013671875 0.13350830078125
42 0.37067625522613523 0.5874263286590576 0.13244662284851075 0.10143461227416992
41 0.4736682891845703 0.6264816761016846 0.1292133331298828 0.1345754623413086
31 0.578668212890625 0.6323374748229981 0.13107872009277344 0.12984809875488282
33 0.7407099723815918 0.59385986328125 0.16459217071533203 0.15349197387695312
34 0.8068758010864258 0.44158048629760743 0.19138259887695314 0.18379487991333007
3_32 0.6640625 0.63359375 0.1125 0.1140625